809 2187
1220 1556
71 3770
730 2324
933 4787
1688 1952
757 2622
1638 3127
394 3168
383 3384
1109 1221
130 3035
1006 3500
557 2258
1009 3252
1664 911
744 3756
1472 4951
1880 2352
1795 4995
1993 3399
1656 4002
1811 1254
1668 1342
1862 3200
1781 3999
913 2431
628 4529
32 1727
265 633
1858 1047
943 1871
1497 4662
345 1681
1844 778
1599 310
1635 1504
171 4107
753 3574
1059 758
1444 3039
1948 4566
422 2873
309 652
1260 1560
1213 2029
790 3315
1658 10
1497 3609
742 285
197 2007
1606 4597
699 3023
798 1819
675 2448
134 1521
822 2266
683 1504
1314 3342
755 1489
25 2075
592 3185
1764 3014
1286 602
368 2426
1677 966
560 363
127 2760
139 4897
819 2742
484 3351
441 2524
341 1106
328 3590
1788 3636
1037 4510
1787 1838
1838 1089
1641 4182
273 3031
1580 3903
463 2815
453 4089
346 374
973 2244
792 3572
464 4999
1740 3894
7 2827
109 102
1519 2442
1100 241
1468 831
801 4257
847 1838
356 3078
187 1373
633 3554
807 1231
1424 1526
1427 3667
1017 1728
1061 3285
1877 2582
1147 4094
437 1246
1827 4788
1381 2643
625 2282
1491 2342
261 436
1396 1232
1087 405
1188 1605
529 4704
704 4655
1865 1680
1147 1902
888 4572
1709 3398
176 728
754 1962
4 1747
1594 1054
1593 1417
1994 1046
469 4578
524 1190
145 822
1759 4897
418 3028
129 2069
472 2219
1145 4008
1029 2751
746 2157
958 106
719 3106
1834 4275
492 171
811 4995
665 946
1379 3741
933 4253
1852 4613
1686 3429
1998 4292
1814 1170
95 3020
1368 4993
654 42
1370 264
134 2577
620 3504
453 2706
815 2623
235 4203
1204 1955
1118 3065
1625 4307
1198 917
195 4731
1938 4676
89 1494
720 3535
1091 4926
1682 475
784 892
1523 4231
1014 4603
939 2715
225 4163
1537 4077
878 4890
1296 2642
1689 662
1720 1732
1607 2865
1441 4615
1250 237
618 3706
1671 3330
1947 3369
890 949
652 4790
278 3232
645 805
1625 1801
210 3531
1999 4850
1997 1169
961 1741
736 1574
672 1947
198 4031
1332 4083
1583 2752
430 4582
1330 2626
1967 3475
1525 83
1451 3549
47 3299
1447 3924
1739 1500
378 2560
835 3649
155 4012
435 2187
387 978
617 2889
1665 2726
1842 4727
432 762
599 702
1424 2572
772 1266
175 888
759 3052
172 3970
1501 514
721 4429
395 845
1920 1802
1585 1816
573 4174
522 3994
1726 2967
95 3190
8 1318
1655 1749
19 1674
1087 3700
638 3858
1144 866
1703 3293
533 1829
1100 4522
1247 2572
854 2856
1681 3491
595 4786
146 387
1259 4164
1135 973
914 1942
1962 3327
841 302
1634 3678
1322 2199
1268 4621
79 2897
1383 2807
975 1948
708 360
1583 2991
1469 2194
340 896
1475 4389
236 4308
745 2967
1696 2657
118 658
1641 2502
17 3026
1068 3905
345 3382
1385 1416
1181 3442
1053 3741
505 280
473 4369
467 2636
897 4372
1884 4351
546 254
17 691
483 1126
1272 4422
1875 2234
1071 548
1923 3561
1285 4003
96 2789
117 4171
1898 3431
619 1141
1402 24
1287 188
1226 4743
1367 1099
879 3394
1441 1176
734 3652
1430 2716
554 3803
985 4091
652 257
386 4299
1357 1773
657 4568
1237 3139
1853 3
97 2682
727 4290
536 3264
416 1747
1607 3573
960 4488
270 3470
1321 816
1453 1078
1347 4014
1382 628
647 3772
88 843
1135 3721
168 3726
129 471
699 1715
1615 1617
769 3965
975 1442
207 3868
22 4538
247 1807
896 2623
200 1849
1537 965
318 4269
528 3225
1201 4173
1287 4762
146 4047
470 1173
475 3165
1726 1213
783 1050
1427 820
1510 42
973 2630
1215 4528
1098 784
1070 1396
718 4323
219 1911
15 2867
1950 338
489 1387
1637 1459
6 2703
924 3358
1018 3414
806 3971
1052 2603
1078 2206
950 4429
848 1498
1065 791
40 433
1413 263
1809 4424
1587 3688
1931 4601
1861 2538
65 1823
1155 4636
1508 4373
381 1846
335 303
1055 666
1817 4167
23 1786
1663 4711
288 3724
1958 818
150 1156
1198 520
273 3987
1553 3716
1881 3579
217 2547
1590 27
114 1305
41 3207
11 4677
826 3575
1339 3284
940 4716
895 2688
1212 2218
638 537
864 2802
391 1580
656 2956
573 3991
844 606
968 1144
1991 2369
714 3579
818 3190
1505 2160
455 1952
1623 3893
1215 2554
1764 849
1429 1256
1477 3871
1983 3170
1019 2491
564 1988
704 2900
1179 4924
101 1629
480 340
411 3819
552 4226
930 233
1852 1181
263 3920
1070 2552
1913 141
1088 2589
1142 125
1109 3467
1258 2607
1769 1278
1340 4938
737 43
379 4812
391 1349
1239 4595
1421 4028
1344 1650
1723 4016
175 1769
178 3541
90 1360
337 4151
1369 1849
1588 599
788 743
1117 2373
355 2062
289 151
240 2128
750 234
1420 3068
875 1743
628 2177
1080 2734
1628 4783
645 1184
775 4834
1945 2227
632 2981
458 207
1622 4650
784 1440
1632 130
662 691
170 3136
1628 1188
1812 3331
1363 1986
1246 4001
1402 352
1982 1105
471 1536
73 42
1579 207
678 4201
89 4356
405 1075
1134 658
824 149
10 1041
53 1573
1773 4798
148 2463
1576 4512
1105 1092
1189 289
1155 1016
1067 4633
816 4329
912 4646
256 1187
469 4947
1799 2863
1517 1158
177 4342
1558 2681
877 4691
1880 4928
1255 3467
1443 4439
272 773
1326 775
1246 655
345 3751
1856 1897
17 1473
1604 76
1894 2621
369 2200
791 973
1010 4725
1485 3057
1233 4085
1194 3676
1306 4920
500 3058
1927 3741
1703 1375
1270 449
1927 3905
1816 3776
1031 409
975 629
1026 4356
1380 3140
205 4224
1894 4664
1908 2542
1586 1720
1302 3795
1357 4643
1206 725
272 4447
20 3566
515 4589
536 1794
1733 1779
1939 2700
1303 1076
1804 2307
1410 3199
1151 2040
1490 1811
1420 1144
997 464
1742 2566
1092 3791
1238 489
596 3285
1677 1638
898 685
1865 3796
1274 2042
921 1349
1902 3499
275 4917
1468 4249
1663 185
1866 2498
754 2838
1513 866
722 1888
1704 1546
224 868
1682 4932
922 404
746 3706
373 2641
615 4281
1660 4131
1778 2078
1065 240
1079 4131
865 2363
1615 4127
1136 3170
614 1621
690 3434
390 546
926 4532
888 4323
157 2139
946 2876
1202 1764
688 2659
538 993
597 4957
1887 3147
83 2401
1130 557
1079 4067
787 4496
1306 3405
314 1586
224 2798
244 178
1815 3694
980 683
1075 967
699 651
581 1116
692 2299
1807 2771
1830 1287
1429 2531
1577 2630
275 731
221 1037
859 2435
963 1001
440 3266
1257 3076
1417 1053
1710 3806
960 3993
1895 1514
1320 4792
629 17
1156 2562
468 1730
1367 3437
719 2930
1031 3192
822 1031
1889 4486
1816 2102
799 1523
978 3681
1622 4915
1050 1106
1954 4309
1014 12
529 196
1834 3114
1287 2473
242 2463
1753 3474
183 487
173 4770
438 1011
343 3635
1507 160
1060 1540
1907 1192
1922 4000
247 60
1167 3217
1839 2172
1643 2222
810 1706
1933 4898
1417 62
1145 810
307 3619
52 347
433 2908
1398 2969
1053 1653
225 557
627 2812
1666 575
1315 1966
312 2147
1913 2836
1109 1154
358 2522
40 3822
1851 981
517 673
1876 230
1928 1528
1772 1772
111 3556
983 4574
210 4637
1225 2712
179 237
543 4094
604 186
35 1108
209 1196
1039 2042
1250 358
1877 3330
1312 1718
521 2781
1148 4986
652 1820
1414 4198
808 798
557 151
1260 2818
1055 4424
1970 418
1216 4234
124 3955
897 2144
424 1997
1456 2027
1138 3641
1332 4282
1512 4767
1711 3664
1459 3469
195 4148
379 37
1277 4038
323 931
1831 1138
1857 3419
962 2767
1910 1085
1266 2356
1757 3791
578 2709
834 2589
659 1617
892 721
98 2331
1972 980
388 454
1553 107
1782 2541
1766 2835
324 3835
252 3676
1499 369
388 2150
1825 2206
1547 4700
1270 553
1618 483
1560 2220
1584 4569
766 183
346 1190
347 1242
1136 337
1148 1225
477 3772
1840 2069
1820 15
1386 1795
448 2113
1881 3380
1681 325
939 3698
600 1416
536 927
1383 488
1693 4047
1780 2238
256 930
861 2739
259 1050
1528 1290
1634 2890
1017 253
1911 4260
99 3260
1110 59
1853 3240
380 3001
691 1847
1030 1937
1523 3944
727 894
1405 4540
920 2351
696 4850
386 3683
1050 3983
500 2461
30 2616
1374 2462
526 1965
1990 149
1483 2082
1561 1577
1889 2871
483 1057
1226 2334
1284 3372
179 2510
1923 308
853 4945
393 4528
570 557
641 1997
412 2629
300 1123
1137 929
1991 4747
380 128
1158 4213
344 3027
883 2532
1839 440
667 4671
13 3672
1413 2056
49 983
566 3592
137 1030
1346 934
67 2466
1448 748
1278 1973
973 3169
550 3460
813 3273
809 3367
832 2347
1650 3019
949 719
1143 773
1587 4888
1262 1396
345 58
576 2034
141 4938
858 3586
1012 4470
1293 869
855 3936
819 3822
1876 645
987 1212
1280 4654
480 2577
1725 4544
1057 190
304 4957
1337 2748
266 4836
1907 3044
566 4275
887 3436
1073 1134
808 2098
1917 4079
1722 5000
1421 395
138 1916
1331 3871
267 2351
722 2647
170 1423
1447 4510
1951 517
1672 2367
572 2535
222 3977
753 1695
1902 1481
1760 2207
732 3405
18 2580
1222 2785
214 1556
1570 3436
134 2722
951 1087
1395 4058
597 131
1089 2398
836 3780
971 3603
1491 3481
1583 380
963 2051
406 69
605 69
1588 2926
136 2233
1380 4093
93 2102
1557 825
1904 4227
189 3229
1777 1136
23 4321
1343 4371
803 1408
1180 1246
887 4051
1122 4119
1796 4262
436 4730
794 4794
1532 2945
741 1739
398 4946
209 1145
623 2063
1810 3375
1833 1381
35 728
84 3685
1549 3188
1301 1111
738 4793
1652 3238
322 758
604 1059
1347 3123
498 4995
1826 4373
410 3573
1171 4760
1939 2167
118 151
1154 2082
618 4009
104 2433
1877 4120
412 2289
947 4220
491 4329
1862 3668
1998 1793
1018 1471
628 2501
373 3955
644 2248
1411 315
1783 4229
1262 2939
1548 881
1516 4049
19 4814
1098 3017
1106 2050
1948 1962
335 3159
1957 3517
1392 3619
1697 4885
1552 782
1905 4452
989 1044
774 1605
1998 1204
1644 975
1648 1884
1475 4815
1875 818
515 565
623 3021
879 1811
868 4752
1169 4871
459 511
869 1249
970 1528
1054 1332
248 2569
1907 908
1678 4356
1112 4646
1761 1198
432 2044
1564 1335
1226 3021
1622 4432
1393 747
1228 4860
175 2055
1992 3115
1706 810
1342 3930
1642 3784
16 3765
1812 4621
884 52
412 4687
830 3090
602 4466
496 3530
1339 3041
375 1446
1760 3364
1122 3337
1759 147
456 2444
1058 2829
1033 2794
1596 689
97 3927
1946 3076
1244 4810
1549 1404
715 322
1346 2346
556 2096
1272 1261
1376 2555
908 590
973 4644
494 132
706 2014
1813 269
1211 2460
1209 176
61 2532
1712 547
1532 2986
54 1173
931 781
1212 4448
1007 1147
299 2303
1486 3012
1626 365
1005 3723
1386 2160
1133 4397
1647 252
1717 618
1826 2672
1948 2426
1378 3255
38 3405
1771 4839
680 3191
700 4367
1384 1695
53 2931
565 1067
1187 644
378 1625
1899 427
225 4452
1001 3790
1043 3882
1083 4755
1616 1758
474 807
1475 70
1453 3390
671 3943
514 1908
524 394
1739 2895
649 3218
1713 1640
1033 4060
44 1909
307 2214
1762 1696
650 128
1358 1046
1728 3770
762 4725
116 3407
19 8
508 3023
1520 4108
518 2588
1243 1777
895 3647
1318 1838
527 4368
1214 4926
1999 4948
963 196
23 3929
1905 4863
1662 4776
988 2124
617 2123
1950 93
1021 1544
1675 4645
1866 4185
1678 620
715 2464
1306 2056
892 1029
739 97
920 535
521 812
1347 19
421 4398
728 3173
1651 697
478 1676
1957 650
1090 1966
1146 504
596 4606
527 3696
1257 845
1058 3484
518 3134
1922 3292
810 919
1354 2064
49 4598
329 1774
82 966
641 4940
306 2371
1142 2001
888 3082
491 4774
1409 2885
1141 2791
814 2142
211 679
491 4893
413 3749
1416 3839
330 4070
1178 3568
94 4020
1086 3637
1546 3995
881 3962
1316 1629
124 1063
799 410
1373 4262
1313 1884
784 3704
1038 4921
608 1903
56 2206
1892 940
18 3256
1489 1641
514 2720
5 2415
814 231
1688 2496
427 1155
1692 2250
322 2179
716 2570
125 4210
1207 1199
658 4343
1882 3745
858 166
1852 4033
689 1158
285 1161
847 2078
25 3977
468 684
619 2642
1095 1860
1025 88
888 3243
589 1560
166 1676
86 4779
1802 749
1765 344
814 2447
1618 3455
1323 485
259 2951
164 765
1220 4494
1113 171
1488 4456
842 2303
1912 4976
343 425
1576 151
1629 2464
289 3290
917 2217
1470 541
1929 1238
1796 1674
1739 719
125 1203
55 1293
1109 2694
1145 716
618 450
1407 563
1573 273
1613 3081
1548 1922
200 3484
1802 2396
174 2948
1380 2407
911 3007
768 3467
1569 2478
100 2958
963 2409
292 303
1178 4056
804 2837
901 4492
643 372
1866 4970
329 2597
